1322
1172
1204
776
1133
880
5
518
470
824
951
125
609
1425
1152
311
822
233
338
1293
531
741
205
539
1451
1194
1236
655
793
1414
1170
507
126
617
78
76
202
88
7
1308
1200
1193
1286
1482
534
2
260
1374
928
971
633
697
187
566
1029
1587
1614
1663
578
815
1596
1198
840
783
1304
1087
1511
1380
963
320
1231
292
1079
756
926
825
517
1532
1416
1140
1328
381
1700
1418
830
610
1060
1546
725
1541
1631
621
639
255
1605
1051
204
508
1107
86
420
862
516
1201
1630
1537
328
400
158
1682
1673
729
1538
1360
351
1558
1265
1139
1111
1411
245
192
1455
1646
1182
301
771
29
1189
671
1553
449
238
1027
117
571
243
1323
847
1100
743
732
405
737
1130
1528
341
327
116
537
157
538
841
1370
460
703
304
1113
1623
1039
140
914
31
654
256
692
1439
1337
185
599
223
1712
1530
1105
1469
60
1018
1628
392
1158
1669
69
152
130
39
395
720
730
788
368
1185
726
1211
74
1662
670
1504
1348
1001
199
1441
615
461
422
119
751
1676
930
936
1355
493
521
565
643
893
110
53
1269
800
198
913
999
1250
464
526
1353
1179
1433
754
215
668
770
1273
1289
1576
795
922
314
1342
481
186
236
956
693
938
1038
106
264
429
1260
1302
541
15
259
592
441
1470
797
1298
1706
300
1352
1339
1283
545
1457
1516
1059
775
814
11
1066
1288
1069
1671
1091
1017
1004
482
760
488
1008
687
1693
378
1309
169
932
47
214
426
1626
85
984
1098
596
577
787
147
246
1539
547
894
1005
87
1153
1658
294
1324
289
222
1081
1141
1009
832
1522
143
1356
1357
870
679
462
746
1093
353
648
1667
114
1301
349
299
1430
646
363
1687
366
941
1636
375
274
910
1343
230
895
370
1584
419
175
1678
924
203
220
1548
283
24
581
348
809
747
1216
138
638
675
1702
1207
229
1254
70
1458
640
1244
766
1415
967
1294
1440
25
548
1126
1651
84
276
477
807
1617
82
1655
935
1305
12
1402
1307
897
728
129
1372
306
1159
290
1384
1287
709
1654
343
1595
988
1665
1507
752
977
136
1397
1221
445
195
96
974
269
1277
1575
1335
239
1012
624
1393
750
923
1212
1145
982
28
1206
1217
708
676
267
1492
469
902
182
1679
253
417
1493
568
991
27
1137
1239
886
881
942
998
896
1509
622
144
555
352
652
780
678
492
689
698
1358
716
1562
1292
1209
1259
985
1613
1594
1306
1661
1406
835
543
235
438
411
1585
124
112
589
1388
1500
1136
1400
118
1483
362
401
161
1166
791
821
1461
1313
779
1262
91
1409
184
317
1303
1257
719
62
81
1120
813
1640
1023
804
858
275
758
402
1080
1689
1084
397
127
61
33
224
111
448
567
326
252
66
479
713
221
901
1279
1354
357
1419
1103
863
969
667
1499
859
1494
500
878
792
313
559
21
1362
949
164
1713
978
656
837
753
1121
141
1460
632
851
947
149
35
360
950
1468
1514
1154
723
440
180
767
510
1368
908
45
855
344
1582
50
637
889
946
647
476
1048
1395
241
153
323
1639
480
603
802
1151
16
168
522
546
1063
682
285
1056
1496
1347
1361
773
992
40
579
629
1591
336
1635
1523
618
694
145
1054
944
174
467
1070
885
1378
251
1030
755
43
1443
869
738
403
1094
1424
1391
1096
1129
1320
891
1711
177
696
884
1155
1627
1476
1058
1534
614
816
1588
876
54
1452
1540
1053
1002
1258
1291
520
1223
312
95
960
1685
8
563
1590
1226
189
585
90
1550
1456
1698
408
717
1434
1272
768
1366
1420
310
934
1526
993
1246
1634
404
1544
602
915
122
860
642
1565
92
1123
909
435
1555
892
625
167
553
331
1078
1040
1437
1224
1011
506
1242
120
1290
1227
1230
630
854
509
1572
1243
981
77
533
759
1345
519
1359
1000
1049
549
1570
355
212
871
1210
1041
1435
705
987
207
19
393
1666
137
504
528
1266
665
641
801
284
1427
680
1579
980
1449
471
197
139
261
560
263
1271
607
1519
1160
715
1647
920
948
829
1174
1241
727
1369
1573
295
1033
631
1028
970
38
1208
1450
237
1199
1438
1642
515
952
406
465
1157
63
594
666
1220
20
291
115
1599
160
1488
1680
856
1484
1325
208
674
1616
339
763
502
273
67
1581
1589
209
1637
1638
1127
1010
1683
32
588
542
850
334
104
163
785
1064
1561
1643
812
1045
346
455
446
1521
1295
1334
1336
848
1387
1163
1112
1268
711
955
1275
410
1650
649
1524
1675
962
1016
79
778
1574
1219
1597
989
1035
1633
1535
1392
653
1412
733
1385
1622
691
1426
44
1097
535
1099
957
13
463
1101
468
333
619
1710
1464
591
56
1601
616
1520
1364
582
499
569
1075
669
1351
279
1106
968
247
358
443
1240
1135
188
453
927
903
46
595
1707
1032
55
228
1124
1205
701
1330
359
178
937
335
270
41
1177
1610
227
1187
939
1386
997
307
1044
601
636
628
722
525
899
296
354
1333
1278
714
1147
1465
1013
686
529
1167
456
699
1481
931
838
254
765
123
576
271
1632
372
1104
573
105
852
1214
1489
1168
551
1338
918
562
505
839
921
1110
564
428
1694
1162
486
786
1510
356
1007
1297
803
1600
916
1327
72
1421
48
240
1377
597
319
882
650
478
218
250
1181
1571
232
280
1463
1478
1263
437
262
1253
407
1108
620
1042
1148
1050
604
389
986
3
442
412
769
206
217
681
740
57
1653
587
1382
59
1037
234
162
75
200
1432
1615
1143
1067
1215
864
958
305
912
155
1026
1479
1684
1423
433
702
572
4
635
475
447
1190
1285
1318
1454
659
1251
342
613
1164
1567
1184
1284
1670
975
49
495
166
1656
744
1282
1606
789
472
890
1249
925
929
833
1341
1310
318
367
1533
606
94
398
1491
1296
1213
1183
1681
1472
1014
1329
1495
1255
1705
1659
1178
439
345
22
1551
712
26
842
1074
1195
605
278
18
1699
1089
764
503
193
550
1171
626
1586
782
677
781
906
1709
17
58
337
1003
201
1375
1247
1363
466
1024
423
1486
917
1299
6
484
369
132
523
131
382
459
1389
377
1527
1498
900
457
739
600
527
794
530
887
834
1497
1021
80
1034
364
1332
1577
1556
933
874
257
1315
1142
1686
113
827
784
418
996
1073
583
436
1019
1248
1428
806
611
1436
340
843
376
1560
845
1252
156
1036
99
964
973
513
826
51
1448
1501
1138
844
1191
134
231
444
831
799
1057
512
1677
1176
556
1619
146
83
1649
350
1119
772
1404
487
1043
173
1490
634
1134
707
425
1235
742
1515
1218
386
1505
249
268
191
387
1131
994
1569
877
1326
1431
415
1340
1047
287
1020
688
427
491
380
685
561
790
1580
554
135
1611
1696
1367
954
159
108
396
1547
1071
42
394
128
672
1568
961
1592
1077
1232
1082
216
818
1688
872
966
1312
30
1233
322
1554
219
23
657
658
1444
995
796
1383
391
329
272
1657
1331
907
972
1674
213
836
570
820
1531
1502
1365
102
1618
1604
1055
330
1549
298
